SpeciesFile ContamW 2.0						

1/1	!start-of-file date					
12/31	!end-of-file date					
5
PM2.5
PM10
NO2
SO2
CO

!Date	Time	PM2.5	PM10	NO2	SO2	CO
1/1	00:00:00	3.70995E-18	0	0	0	0
1/1	24:00:00	2.8145E-18	0	0	0	0
1/2	24:00:00	2.17862E-18	0	0	0	0
1/3	24:00:00	2.67045E-18	0	0	0	0
1/4	24:00:00	1.9234E-18	0	0	0	0
1/5	24:00:00	2.42569E-18	0	0	0	0
1/6	24:00:00	1.46732E-18	0	0	0	0
1/7	24:00:00	1.94379E-18	0	0	0	0
1/8	24:00:00	1.29377E-18	0	0	0	0
1/9	24:00:00	1.76467E-18	0	0	0	0
1/10	24:00:00	2.6536E-18	0	0	0	0
1/11	24:00:00	4.00989E-18	0	0	0	0
1/12	24:00:00	2.52273E-18	0	0	0	0
1/13	24:00:00	1.44965E-18	0	0	0	0
1/14	24:00:00	1.45563E-18	0	0	0	0
1/15	24:00:00	1.50456E-18	0	0	0	0
1/16	24:00:00	1.0853E-18	0	0	0	0
1/17	24:00:00	1.93536E-18	0	0	0	0
1/18	24:00:00	1.70175E-18	0	0	0	0
1/19	24:00:00	3.0965E-18	0	0	0	0
1/20	24:00:00	2.60739E-18	0	0	0	0
1/21	24:00:00	2.94782E-18	0	0	0	0
1/22	24:00:00	1.76304E-18	0	0	0	0
1/23	24:00:00	1.53731E-18	0	0	0	0
1/24	24:00:00	2.20961E-18	0	0	0	0
1/25	24:00:00	1.65378E-18	0	0	0	0
1/26	24:00:00	1.5066E-18	0	0	0	0
1/27	24:00:00	7.28564E-19	0	0	0	0
1/28	24:00:00	1.0073E-18	0	0	0	0
1/29	24:00:00	2.04925E-18	0	0	0	0
1/30	24:00:00	1.50673E-18	0	0	0	0
1/31	24:00:00	1.50931E-18	0	0	0	0
2/1	24:00:00	1.41513E-18	0	0	0	0
2/2	24:00:00	1.63896E-18	0	0	0	0
2/3	24:00:00	1.62891E-18	0	0	0	0
2/4	24:00:00	2.16191E-18	0	0	0	0
2/5	24:00:00	1.00186E-18	0	0	0	0
2/6	24:00:00	1.60553E-18	0	0	0	0
2/7	24:00:00	1.57441E-18	0	0	0	0
2/8	24:00:00	1.27407E-18	0	0	0	0
2/9	24:00:00	1.96023E-18	0	0	0	0
2/10	24:00:00	3.22846E-18	0	0	0	0
2/11	24:00:00	2.34184E-18	0	0	0	0
2/12	24:00:00	1.2545E-18	0	0	0	0
2/13	24:00:00	1.02388E-18	0	0	0	0
2/14	24:00:00	9.71962E-19	0	0	0	0
2/15	24:00:00	1.45699E-18	0	0	0	0
2/16	24:00:00	1.59425E-18	0	0	0	0
2/17	24:00:00	1.17418E-18	0	0	0	0
2/18	24:00:00	9.65846E-19	0	0	0	0
2/19	24:00:00	8.66367E-19	0	0	0	0
2/20	24:00:00	0	0	0	0	0
2/21	24:00:00	0	0	0	0	0
2/22	24:00:00	0	0	0	0	0
2/23	24:00:00	2.98302E-19	0	0	0	0
2/24	24:00:00	4.217E-19	0	0	0	0
2/25	24:00:00	5.37487E-19	0	0	0	0
2/26	24:00:00	4.12051E-19	0	0	0	0
2/27	24:00:00	4.11507E-19	0	0	0	0
2/28	24:00:00	4.36241E-19	0	0	0	0
2/29	24:00:00	5.96468E-19	0	0	0	0
3/1	24:00:00	1.68136E-18	0	0	0	0
3/2	24:00:00	1.49504E-18	0	0	0	0
3/3	24:00:00	6.88609E-19	0	0	0	0
3/4	24:00:00	2.71258E-19	0	0	0	0
3/5	24:00:00	1.68653E-19	0	0	0	0
3/6	24:00:00	3.20454E-19	0	0	0	0
3/7	24:00:00	3.2589E-19	0	0	0	0
3/8	24:00:00	3.97781E-19	0	0	0	0
3/9	24:00:00	3.84871E-19	0	0	0	0
3/10	24:00:00	3.46275E-19	0	0	0	0
3/11	24:00:00	6.37646E-19	0	0	0	0
3/12	24:00:00	9.62449E-19	0	0	0	0
3/13	24:00:00	3.95879E-19	0	0	0	0
3/14	24:00:00	4.29446E-19	0	0	0	0
3/15	24:00:00	4.11779E-19	0	0	0	0
3/16	24:00:00	3.99956E-19	0	0	0	0
3/17	24:00:00	6.05302E-19	0	0	0	0
3/18	24:00:00	6.72709E-19	0	0	0	0
3/19	24:00:00	5.66706E-19	0	0	0	0
3/20	24:00:00	3.56875E-19	0	0	0	0
3/21	24:00:00	4.13954E-19	0	0	0	0
3/22	24:00:00	3.3717E-19	0	0	0	0
3/23	24:00:00	4.25505E-19	0	0	0	0
3/24	24:00:00	3.01156E-19	0	0	0	0
3/25	24:00:00	0	0	0	0	0
3/26	24:00:00	0	0	0	0	0
3/27	24:00:00	0	0	0	0	0
3/28	24:00:00	0	0	0	0	0
3/29	24:00:00	0	0	0	0	0
3/30	24:00:00	0	0	0	0	0
3/31	24:00:00	1.08856E-19	0	0	0	0
4/1	24:00:00	6.63603E-19	0	0	0	0
4/2	24:00:00	6.23241E-19	0	0	0	0
4/3	24:00:00	5.62357E-19	0	0	0	0
4/4	24:00:00	5.72142E-19	0	0	0	0
4/5	24:00:00	5.86955E-19	0	0	0	0
4/6	24:00:00	5.11802E-19	0	0	0	0
4/7	24:00:00	4.66275E-19	0	0	0	0
4/8	24:00:00	4.56355E-19	0	0	0	0
4/9	24:00:00	5.32323E-19	0	0	0	0
4/10	24:00:00	6.59662E-19	0	0	0	0
4/11	24:00:00	4.98212E-19	0	0	0	0
4/12	24:00:00	6.99617E-19	0	0	0	0
4/13	24:00:00	7.1973E-19	0	0	0	0
4/14	24:00:00	1.08884E-18	0	0	0	0
4/15	24:00:00	8.67183E-19	0	0	0	0
4/16	24:00:00	5.39934E-19	0	0	0	0
4/17	24:00:00	5.32595E-19	0	0	0	0
4/18	24:00:00	5.16423E-19	0	0	0	0
4/19	24:00:00	5.7554E-19	0	0	0	0
4/20	24:00:00	6.50421E-19	0	0	0	0
4/21	24:00:00	6.37646E-19	0	0	0	0
4/22	24:00:00	7.93796E-19	0	0	0	0
4/23	24:00:00	4.90873E-19	0	0	0	0
4/24	24:00:00	6.69175E-19	0	0	0	0
4/25	24:00:00	6.22969E-19	0	0	0	0
4/26	24:00:00	5.19277E-19	0	0	0	0
4/27	24:00:00	6.02584E-19	0	0	0	0
4/28	24:00:00	7.96514E-19	0	0	0	0
4/29	24:00:00	1.05799E-18	0	0	0	0
4/30	24:00:00	1.17935E-18	0	0	0	0
5/1	24:00:00	7.55064E-19	0	0	0	0
5/2	24:00:00	6.20115E-19	0	0	0	0
5/3	24:00:00	4.3298E-19	0	0	0	0
5/4	24:00:00	5.71734E-19	0	0	0	0
5/5	24:00:00	6.00545E-19	0	0	0	0
5/6	24:00:00	5.15743E-19	0	0	0	0
5/7	24:00:00	5.26751E-19	0	0	0	0
5/8	24:00:00	5.22946E-19	0	0	0	0
5/9	24:00:00	5.04735E-19	0	0	0	0
5/10	24:00:00	4.6845E-19	0	0	0	0
5/11	24:00:00	5.27567E-19	0	0	0	0
5/12	24:00:00	5.55154E-19	0	0	0	0
5/13	24:00:00	5.75268E-19	0	0	0	0
5/14	24:00:00	5.08541E-19	0	0	0	0
5/15	24:00:00	6.44577E-19	0	0	0	0
5/16	24:00:00	8.42177E-19	0	0	0	0
5/17	24:00:00	7.54249E-19	0	0	0	0
5/18	24:00:00	8.2084E-19	0	0	0	0
5/19	24:00:00	6.96899E-19	0	0	0	0
5/20	24:00:00	6.03127E-19	0	0	0	0
5/21	24:00:00	6.53547E-19	0	0	0	0
5/22	24:00:00	1.12811E-18	0	0	0	0
5/23	24:00:00	6.51372E-19	0	0	0	0
5/24	24:00:00	5.84781E-19	0	0	0	0
5/25	24:00:00	7.9067E-19	0	0	0	0
5/26	24:00:00	7.58326E-19	0	0	0	0
5/27	24:00:00	7.91486E-19	0	0	0	0
5/28	24:00:00	4.83807E-19	0	0	0	0
5/29	24:00:00	4.32708E-19	0	0	0	0
5/30	24:00:00	4.90602E-19	0	0	0	0
5/31	24:00:00	5.08541E-19	0	0	0	0
6/1	24:00:00	5.57872E-19	0	0	0	0
6/2	24:00:00	6.83717E-19	0	0	0	0
6/3	24:00:00	7.73547E-19	0	0	0	0
6/4	24:00:00	6.12369E-19	0	0	0	0
6/5	24:00:00	5.30964E-19	0	0	0	0
6/6	24:00:00	6.82358E-19	0	0	0	0
6/7	24:00:00	7.52482E-19	0	0	0	0
6/8	24:00:00	7.5289E-19	0	0	0	0
6/9	24:00:00	9.67749E-19	0	0	0	0
6/10	24:00:00	7.19323E-19	0	0	0	0
6/11	24:00:00	8.00999E-19	0	0	0	0
6/12	24:00:00	7.43649E-19	0	0	0	0
6/13	24:00:00	7.90127E-19	0	0	0	0
6/14	24:00:00	9.78213E-19	0	0	0	0
6/15	24:00:00	9.37036E-19	0	0	0	0
6/16	24:00:00	7.52075E-19	0	0	0	0
6/17	24:00:00	6.30851E-19	0	0	0	0
6/18	24:00:00	7.43241E-19	0	0	0	0
6/19	24:00:00	7.27884E-19	0	0	0	0
6/20	24:00:00	6.33705E-19	0	0	0	0
6/21	24:00:00	6.23241E-19	0	0	0	0
6/22	24:00:00	5.89266E-19	0	0	0	0
6/23	24:00:00	7.07363E-19	0	0	0	0
6/24	24:00:00	1.15393E-18	0	0	0	0
6/25	24:00:00	1.58854E-18	0	0	0	0
6/26	24:00:00	1.41636E-18	0	0	0	0
6/27	24:00:00	1.66968E-18	0	0	0	0
6/28	24:00:00	1.37953E-18	0	0	0	0
6/29	24:00:00	1.03747E-18	0	0	0	0
6/30	24:00:00	9.03332E-19	0	0	0	0
7/1	24:00:00	1.27176E-18	0	0	0	0
7/2	24:00:00	1.24893E-18	0	0	0	0
7/3	24:00:00	7.89176E-19	0	0	0	0
7/4	24:00:00	4.88971E-19	0	0	0	0
7/5	24:00:00	1.0762E-18	0	0	0	0
7/6	24:00:00	5.37351E-19	0	0	0	0
7/7	24:00:00	6.33841E-19	0	0	0	0
7/8	24:00:00	7.66616E-19	0	0	0	0
7/9	24:00:00	1.09563E-18	0	0	0	0
7/10	24:00:00	8.32528E-19	0	0	0	0
7/11	24:00:00	7.02879E-19	0	0	0	0
7/12	24:00:00	9.34861E-19	0	0	0	0
7/13	24:00:00	1.03529E-18	0	0	0	0
7/14	24:00:00	9.54295E-19	0	0	0	0
7/15	24:00:00	6.27046E-19	0	0	0	0
7/16	24:00:00	7.499E-19	0	0	0	0
7/17	24:00:00	7.28428E-19	0	0	0	0
7/18	24:00:00	8.10512E-19	0	0	0	0
7/19	24:00:00	7.00432E-19	0	0	0	0
7/20	24:00:00	5.71598E-19	0	0	0	0
7/21	24:00:00	7.06004E-19	0	0	0	0
7/22	24:00:00	1.07511E-18	0	0	0	0
7/23	24:00:00	8.17307E-19	0	0	0	0
7/24	24:00:00	5.83558E-19	0	0	0	0
7/25	24:00:00	6.87522E-19	0	0	0	0
7/26	24:00:00	9.65711E-19	0	0	0	0
7/27	24:00:00	1.25518E-18	0	0	0	0
7/28	24:00:00	8.02494E-19	0	0	0	0
7/29	24:00:00	8.66095E-19	0	0	0	0
7/30	24:00:00	9.95337E-19	0	0	0	0
7/31	24:00:00	6.20523E-19	0	0	0	0
8/1	24:00:00	1.07321E-18	0	0	0	0
8/2	24:00:00	7.94612E-19	0	0	0	0
8/3	24:00:00	8.646E-19	0	0	0	0
8/4	24:00:00	8.09425E-19	0	0	0	0
8/5	24:00:00	4.20205E-19	0	0	0	0
8/6	24:00:00	6.4947E-19	0	0	0	0
8/7	24:00:00	8.53864E-19	0	0	0	0
8/8	24:00:00	9.00478E-19	0	0	0	0
8/9	24:00:00	1.09713E-18	0	0	0	0
8/10	24:00:00	9.67885E-19	0	0	0	0
8/11	24:00:00	7.20138E-19	0	0	0	0
8/12	24:00:00	7.41338E-19	0	0	0	0
8/13	24:00:00	9.0374E-19	0	0	0	0
8/14	24:00:00	3.61088E-19	0	0	0	0
8/15	24:00:00	4.57578E-19	0	0	0	0
8/16	24:00:00	7.51939E-19	0	0	0	0
8/17	24:00:00	1.06954E-18	0	0	0	0
8/18	24:00:00	5.58824E-19	0	0	0	0
8/19	24:00:00	2.3538E-19	0	0	0	0
8/20	24:00:00	2.93953E-19	0	0	0	0
8/21	24:00:00	2.99797E-19	0	0	0	0
8/22	24:00:00	4.27408E-19	0	0	0	0
8/23	24:00:00	2.68948E-19	0	0	0	0
8/24	24:00:00	3.8922E-19	0	0	0	0
8/25	24:00:00	6.97714E-19	0	0	0	0
8/26	24:00:00	6.08971E-19	0	0	0	0
8/27	24:00:00	3.84463E-19	0	0	0	0
8/28	24:00:00	3.39616E-19	0	0	0	0
8/29	24:00:00	4.48608E-19	0	0	0	0
8/30	24:00:00	3.94656E-19	0	0	0	0
8/31	24:00:00	4.50103E-19	0	0	0	0
9/1	24:00:00	5.24577E-19	0	0	0	0
9/2	24:00:00	4.53093E-19	0	0	0	0
9/3	24:00:00	5.01881E-19	0	0	0	0
9/4	24:00:00	4.52821E-19	0	0	0	0
9/5	24:00:00	5.19413E-19	0	0	0	0
9/6	24:00:00	6.47975E-19	0	0	0	0
9/7	24:00:00	6.52595E-19	0	0	0	0
9/8	24:00:00	1.13994E-18	0	0	0	0
9/9	24:00:00	1.4453E-18	0	0	0	0
9/10	24:00:00	1.2053E-18	0	0	0	0
9/11	24:00:00	1.01993E-18	0	0	0	0
9/12	24:00:00	1.19824E-18	0	0	0	0
9/13	24:00:00	8.14725E-19	0	0	0	0
9/14	24:00:00	9.88542E-19	0	0	0	0
9/15	24:00:00	1.01695E-18	0	0	0	0
9/16	24:00:00	7.37669E-19	0	0	0	0
9/17	24:00:00	7.9434E-19	0	0	0	0
9/18	24:00:00	9.83785E-19	0	0	0	0
9/19	24:00:00	1.15611E-18	0	0	0	0
9/20	24:00:00	9.35677E-19	0	0	0	0
9/21	24:00:00	4.71304E-19	0	0	0	0
9/22	24:00:00	3.94248E-19	0	0	0	0
9/23	24:00:00	5.11938E-19	0	0	0	0
9/24	24:00:00	9.02381E-19	0	0	0	0
9/25	24:00:00	9.71554E-19	0	0	0	0
9/26	24:00:00	8.23015E-19	0	0	0	0
9/27	24:00:00	1.37137E-18	0	0	0	0
9/28	24:00:00	1.23575E-18	0	0	0	0
9/29	24:00:00	1.3518E-18	0	0	0	0
9/30	24:00:00	1.08163E-18	0	0	0	0
10/1	24:00:00	1.04861E-18	0	0	0	0
10/2	24:00:00	8.45031E-19	0	0	0	0
10/3	24:00:00	6.03263E-19	0	0	0	0
10/4	24:00:00	8.84578E-19	0	0	0	0
10/5	24:00:00	8.78734E-19	0	0	0	0
10/6	24:00:00	6.70942E-19	0	0	0	0
10/7	24:00:00	1.31226E-18	0	0	0	0
10/8	24:00:00	1.65147E-18	0	0	0	0
10/9	24:00:00	1.13966E-18	0	0	0	0
10/10	24:00:00	9.24669E-19	0	0	0	0
10/11	24:00:00	6.31531E-19	0	0	0	0
10/12	24:00:00	7.99912E-19	0	0	0	0
10/13	24:00:00	2.12399E-18	0	0	0	0
10/14	24:00:00	2.52789E-18	0	0	0	0
10/15	24:00:00	1.54506E-18	0	0	0	0
10/16	24:00:00	1.8545E-18	0	0	0	0
10/17	24:00:00	2.30488E-18	0	0	0	0
10/18	24:00:00	2.09043E-18	0	0	0	0
10/19	24:00:00	2.36182E-18	0	0	0	0
10/20	24:00:00	2.60005E-18	0	0	0	0
10/21	24:00:00	2.29604E-18	0	0	0	0
10/22	24:00:00	2.3254E-18	0	0	0	0
10/23	24:00:00	2.29618E-18	0	0	0	0
10/24	24:00:00	2.00168E-18	0	0	0	0
10/25	24:00:00	2.71231E-18	0	0	0	0
10/26	24:00:00	2.03375E-18	0	0	0	0
10/27	24:00:00	2.25296E-18	0	0	0	0
10/28	24:00:00	2.19874E-18	0	0	0	0
10/29	24:00:00	2.84617E-18	0	0	0	0
10/30	24:00:00	2.86112E-18	0	0	0	0
10/31	24:00:00	2.47842E-18	0	0	0	0
11/1	24:00:00	2.01486E-18	0	0	0	0
11/2	24:00:00	1.75828E-18	0	0	0	0
11/3	24:00:00	2.39647E-18	0	0	0	0
11/4	24:00:00	2.24209E-18	0	0	0	0
11/5	24:00:00	3.22438E-18	0	0	0	0
11/6	24:00:00	3.78062E-18	0	0	0	0
11/7	24:00:00	2.73038E-18	0	0	0	0
11/8	24:00:00	4.54262E-18	0	0	0	0
11/9	24:00:00	1.08992E-18	0	0	0	0
11/10	24:00:00	1.2087E-18	0	0	0	0
11/11	24:00:00	1.69699E-18	0	0	0	0
11/12	24:00:00	1.78343E-18	0	0	0	0
11/13	24:00:00	2.35299E-18	0	0	0	0
11/14	24:00:00	1.11656E-18	0	0	0	0
11/15	24:00:00	4.66275E-19	0	0	0	0
11/16	24:00:00	6.31802E-19	0	0	0	0
11/17	24:00:00	6.6306E-19	0	0	0	0
11/18	24:00:00	7.59957E-19	0	0	0	0
11/19	24:00:00	9.33774E-19	0	0	0	0
11/20	24:00:00	7.34543E-19	0	0	0	0
11/21	24:00:00	9.38259E-19	0	0	0	0
11/22	24:00:00	1.69033E-18	0	0	0	0
11/23	24:00:00	1.77119E-18	0	0	0	0
11/24	24:00:00	9.7767E-19	0	0	0	0
11/25	24:00:00	7.2041E-19	0	0	0	0
11/26	24:00:00	5.40341E-19	0	0	0	0
11/27	24:00:00	7.56559E-19	0	0	0	0
11/28	24:00:00	7.91758E-19	0	0	0	0
11/29	24:00:00	0	0	0	0	0
11/30	24:00:00	1.57482E-18	0	0	0	0
12/1	24:00:00	1.24091E-18	0	0	0	0
12/2	24:00:00	1.10202E-18	0	0	0	0
12/3	24:00:00	1.36635E-18	0	0	0	0
12/4	24:00:00	4.61519E-19	0	0	0	0
12/5	24:00:00	4.01858E-19	0	0	0	0
12/6	24:00:00	1.26184E-18	0	0	0	0
12/7	24:00:00	2.40286E-18	0	0	0	0
12/8	24:00:00	2.28232E-18	0	0	0	0
12/9	24:00:00	1.74755E-18	0	0	0	0
12/10	24:00:00	1.18859E-18	0	0	0	0
12/11	24:00:00	1.37776E-18	0	0	0	0
12/12	24:00:00	7.61995E-19	0	0	0	0
12/13	24:00:00	5.37351E-19	0	0	0	0
12/14	24:00:00	7.32777E-19	0	0	0	0
12/15	24:00:00	6.69039E-19	0	0	0	0
12/16	24:00:00	7.02879E-19	0	0	0	0
12/17	24:00:00	9.72234E-19	0	0	0	0
12/18	24:00:00	1.04073E-18	0	0	0	0
12/19	24:00:00	1.12118E-18	0	0	0	0
12/20	24:00:00	1.68068E-18	0	0	0	0
12/21	24:00:00	2.56866E-18	0	0	0	0
12/22	24:00:00	2.52979E-18	0	0	0	0
12/23	24:00:00	1.93129E-18	0	0	0	0
12/24	24:00:00	1.56E-18	0	0	0	0
12/25	24:00:00	1.44014E-18	0	0	0	0
12/26	24:00:00	1.5687E-18	0	0	0	0
12/27	24:00:00	9.98599E-19	0	0	0	0
12/28	24:00:00	1.21156E-18	0	0	0	0
12/29	24:00:00	9.87319E-19	0	0	0	0
12/30	24:00:00	1.30356E-18	0	0	0	0
12/31	24:00:00	0	0	0	0	0
